1.50  0.0005110  0.0000845  0.0000295  0.0000094  0.0000000442  0.0001160  0.0000561  0.0002080
1.75  0.0007170  0.0000281  0.0000118  0.0000077  0.0000000172  0.0002740  0.0002820  0.0001050
2.00  0.0023400  0.0000064  0.0000024  0.0000009  0.0000000022  0.0012800  0.0009410  0.0001100
2.25  0.0032300  0.0000018  0.0000007  0.0000004  0.0000000013  0.0000969  0.0025300  0.0006010
2.50  0.0041900  0.0000002  0.0000001  0.0000000  0.0000000002  0.0000229  0.0032700  0.0008930
3.00  0.0060500  0.0000005  0.0000002  0.0000001  0.0000000005  0.0000207  0.0050900  0.0009400
3.50  0.0023700  0.0015300  0.0004440  0.0000535  0.0000296  0.0002960       0.0          0.0
4.00  0.0032000  0.0023300  0.0006000  0.0000396  0.0001150  0.0001090       0.0          0.0
4.50  0.0037400  0.0027500  0.0006740  0.0000363  0.0001950  0.0000811       0.0          0.0
5.00  0.0044800  0.0033100  0.0007700  0.0000328  0.0003070  0.0000619       0.0          0.0
5.50  0.0053400  0.0039100  0.0008700  0.0000295  0.0004750  0.0000508       0.0          0.0
6.00  0.0061600  0.0044700  0.0009610  0.0000292  0.0006430  0.0000508       0.0          0.0
6.50  0.0077200  0.0056000  0.0011200  0.0000261  0.0009150  0.0000574       0.0          0.0
7.00  0.0082000  0.0059200  0.0011600  0.0000262  0.0010400  0.0000582       0.0          0.0
7.50  0.0105000  0.0075100  0.0013600  0.0000220  0.0015100  0.0000798       0.0          0.0
8.00  0.0114000  0.0082200  0.0014300  0.0000207  0.0016500  0.0000841       0.0          0.0
